00000000
00000011
00000022
00000033
00000044
00000055
00000066
00000077
00000000
00000011
00000022
00000033
00000044
00000055
00000066
00000077
00000000
00000011
00000022
00000033
00000044
00000055
00000066
00000077
00000000
00000011
00000022
00000033
00000044
00000055
00000066
00000077
00000000
00000011
00000022
00000033
00000044
00000055
00000066
00000077
00000000
00000011
00000022
00000033
00000044
00000055
00000066
00000077
00000000
00000011
00000022
00000033
00000044
00000055
00000066
00000077
00000000
00000011
00000022
00000033
00000044
00000055
00000066
00000077